783,107
740,131
740,130
740,129
740,128
740,127
844,3
844,2
844,1
844,0
843,3
843,2
843,1
843,0
740,126
740,125
842,3
842,2
842,1
842,0
2,20
2,19
2,18
2,17
2,16
2,15
681,7
681,6
783,106
680,10
680,9
757,11
757,10
783,105
757,9
740,124
740,123
740,122
740,121
740,120
740,119
740,118
740,117
740,116
740,115
740,114
740,113
740,112
740,111
740,110
740,109
740,108
767,26
752,64
752,38
783,104
783,103
783,102
783,101
783,100
783,99
783,98
783,97
783,96
757,8
740,107
740,106
740,105
740,104
740,103
740,102
740,101
740,100
740,99
783,95
783,94
752,37
752,36
783,93
752,35
2,14
841,3
841,2
841,1
841,0
783,92
783,91
752,34
757,7
740,98
740,97
740,96
740,95
740,94
740,93
740,92
740,91
740,90
749,19
749,18
783,90
752,33
752,32
783,89
0,381
783,88
2,13
840,3
840,2
840,1
840,0
0,379
783,87
783,86
783,85
783,84
783,83
783,82
783,81
783,80
0,345
783,79
0,342
783,78
783,77
783,76
783,75
0,333
783,74
0,332
0,331
783,73
0,328
0,323
839,3
839,2
839,1
839,0
752,31
752,30
838,3
838,2
838,1
838,0
783,72
0,321
767,25
783,71
837,3
837,2
0,318
837,1
837,0
767,24
836,6
836,5
836,4
836,3
836,2
836,1
836,0
685,3
685,2
685,1
685,0
684,0
683,3
683,1
683,0
682,3
682,1
682,0
681,3
681,1
681,0
680,8
680,7
680,6
680,5
680,4
680,3
680,2
680,1
680,0
2,12
2,11
2,10
2,9
2,8
2,7
2,6
2,5
2,4
2,3
2,2
2,1
2,0
1,3
1,2
1,1
1,0
0,498
0,481
0,479
0,476
0,474
0,471
0,467
0,465
0,461
0,460
0,458
0,457
0,456
0,455
0,452
0,450
0,449
0,448
0,416
0,411
0,382
0,380
0,377
0,375
0,373
0,372
0,370
0,369
0,367
0,364
0,363
0,362
0,361
0,360
0,359
0,358
0,357
0,355
0,354
0,353
0,352
0,350
0,348
0,347
0,346
0,344
0,343
0,341
0,340
0,339
0,338
0,337
0,336
0,335
0,330
0,329
0,327
0,326
0,325
0,324
0,322
0,320
0,319
0,243
0,9
0,310
0,305
0,376
0,366
0,308
0,304
0,303
0,302
0,307
0,374
0,12
0,356
0,10
0,8
0,0
0,472
0,300
0,413
0,299
0,410
0,298
0,480
0,297
0,446
0,296
0,396
0,295
0,403
0,294
0,429
0,293
0,435
0,292
0,409
0,291
0,434
0,290
0,499
0,289
0,454
0,288
0,417
0,287
0,475
0,286
0,407
0,285
0,386
0,284
0,453
0,283
0,428
0,282
0,445
0,281
0,280
0,470
0,279
0,508
0,278
0,406
0,277
0,276
0,459
0,275
0,489
0,274
0,391
685,4
685,5
686,1
686,3
688,0
688,1
688,3
688,5
688,6
688,8
688,9
689,1
689,3
689,4
691,0
692,0
692,2
692,3
692,5
693,0
694,0
696,0
697,0
699,0
701,0
702,0
702,2
702,3
703,0
704,0
706,0
708,0
709,0
711,0
712,0
714,0
716,0
717,0
719,0
719,1
720,0
720,1
721,0
721,3
722,0
722,2
722,3
723,0
723,2
723,3
723,5
723,6
725,0
725,2
725,3
725,5
726,0
726,2
726,3
726,5
726,7
726,8
727,1
727,2
727,4
729,0
730,0
732,0
733,0
735,0
736,0
738,0
740,0
740,1
740,3
740,4
740,6
740,8
740,9
740,11
740,12
740,14
740,15
740,17
740,19
740,20
740,22
740,23
740,25
740,27
740,28
740,30
740,31
740,33
740,35
740,36
740,64
740,65
740,67
740,68
740,70
740,72
740,73
740,75
740,76
740,78
740,80
740,81
740,83
740,84
740,86
740,87
740,89
742,0
743,0
745,0
745,1
745,3
745,5
746,0
746,2
746,3
747,0
747,1
747,3
748,0
748,1
748,3
748,4
749,0
749,2
749,3
749,5
749,6
749,8
749,9
749,11
749,13
749,14
749,16
749,17
750,1
750,3
750,4
752,0
752,1
752,3
752,5
752,6
752,8
752,9
752,11
752,12
752,14
752,16
752,17
752,19
752,20
752,22
752,24
752,25
752,27
752,28
753,0
753,1
753,3
754,1
754,2
754,4
754,5
754,7
754,9
754,10
754,12
754,13
754,15
754,16
754,18
755,0
755,1
755,3
755,4
756,1
756,3
756,4
757,1
757,2
757,4
757,6
758,0
758,2
758,3
759,0
759,1
759,3
760,0
760,1
760,3
760,4
761,1
761,3
761,4
762,0
762,1
762,3
763,0
763,2
763,4
764,0
764,2
764,3
765,0
765,2
765,3
766,0
766,1
766,3
767,0
767,2
767,4
767,5
767,7
767,8
767,10
767,12
767,13
767,15
767,16
767,18
767,19
767,21
767,23
768,0
768,2
768,3
768,5
769,0
769,1
769,3
769,4
769,6
770,0
770,1
770,3
770,4
771,0
771,1
771,3
772,0
772,1
772,3
772,4
773,1
773,3
773,4
774,1
774,2
775,0
775,1
775,3
776,1
776,2
777,0
777,1
777,3
777,5
778,0
778,2
778,3
779,1
779,2
780,0
780,2
780,3
781,1
781,2
781,4
782,0
782,1
782,3
783,0
783,2
783,4
783,5
783,7
783,8
783,10
783,11
783,13
783,15
783,16
783,18
783,19
783,21
783,23
783,24
783,26
783,27
783,29
783,30
783,32
783,34
783,35
783,65
783,66
783,68
783,70
784,0
784,2
784,3
786,0
787,0
789,0
789,2
789,3
790,1
790,2
792,0
792,2
792,3
793,1
793,2
794,0
794,2
794,3
795,1
795,2
796,0
797,0
797,2
798,0
798,1
798,3
799,0
801,0
802,1
802,2
803,0
804,0
804,2
804,3
806,0
807,1
807,2
808,0
808,1
808,3
809,1
809,2
810,0
810,1
810,3
811,0
813,0
815,0
815,1
815,3
816,0
820,1
820,3
821,0
821,2
821,3
822,1
822,2
823,0
823,2
823,3
824,1
824,2
825,0
825,2
825,3
826,1
826,2
827,0
827,2
827,3
828,1
828,2
829,0
829,1
829,3
831,1
831,2
832,0
832,1
832,3
833,1
833,2
834,0
834,1
834,3
835,0
835,2
699,3
706,3
706,1
704,1
700,1
705,3
691,2
691,4
693,3
693,1
693,4
694,3
694,1
694,4
694,5
695,1
734,1
695,2
696,3
696,1
697,1
698,3
696,2
697,2
697,5
698,2
698,5
699,4
699,5
700,4
701,4
703,3
703,1
735,1
736,3
703,2
703,4
704,4
705,2
705,4
706,4
706,5
707,1
707,4
707,5
708,1
710,3
709,3
709,1
711,1
712,1
708,2
708,5
710,2
710,5
709,4
709,5
711,4
711,5
712,4
720,2
724,3
724,1
724,4
724,5
713,1
713,4
713,5
714,1
716,3
715,3
717,3
717,1
718,1
714,2
714,5
716,2
716,5
715,4
715,5
717,4
717,5
718,4
728,2
728,4
728,6
728,7
728,9
729,1
730,1
732,3
731,3
731,1
729,4
730,4
730,5
731,4
732,2
732,4
733,3
733,2
733,4
734,4
734,5
735,4
736,2
736,4
737,3
737,1
737,4
738,1
739,3
738,2
738,4
739,4
739,5
741,1
742,1
741,2
742,2
742,4
743,3
744,3
744,1
743,4
744,2
744,5
785,3
785,2
785,5
785,6
786,1
786,2
787,1
788,3
788,1
788,2
787,2
787,3
786,3
785,4
785,1
744,4
743,2
743,1
742,5
741,4
742,3
741,3
739,2
739,1
738,3
737,2
736,5
735,5
735,2
734,2
733,1
732,5
731,5
731,2
730,2
729,2
732,1
730,3
729,3
728,8
728,5
718,5
718,2
717,2
715,2
716,4
714,4
718,3
715,1
716,1
714,3
713,2
713,3
724,2
720,4
712,5
712,2
711,2
709,2
710,4
708,4
712,3
711,3
710,1
708,3
707,2
707,3
706,2
704,5
704,2
736,1
735,3
701,5
701,2
700,2
699,2
698,4
697,4
696,4
698,1
697,3
695,4
734,3
695,3
694,2
693,5
693,2
691,5
705,1
700,3
704,3
699,1
701,1
701,3
691,1
691,3
690,5
690,4
690,2
690,1
690,3
687,5
687,4
687,2
687,1
687,3
684,5
684,4
684,2
728,1
728,3
684,1
684,3
682,4
682,2
796,2
796,1
796,3
805,2
805,1
805,3
813,2
813,1
813,3
811,2
811,1
811,3
812,2
812,1
812,3
814,2
814,1
814,3
803,2
803,1
803,3
799,2
799,1
799,3
806,2
806,1
806,3
816,2
816,1
816,3
751,2
751,1
751,3
800,2
800,1
800,3
681,5
681,4
681,2
683,5
683,4
683,2
719,5
719,4
719,2
721,5
721,4
721,2
686,7
686,6
686,5
686,4
686,2
801,2
801,1
801,3
835,3
835,1
834,2
833,3
833,0
832,2
831,3
831,0
829,2
828,3
828,0
827,1
826,3
826,0
825,1
824,3
824,0
823,1
822,3
822,0
821,1
820,2
820,0
815,2
814,0
812,0
810,2
809,3
809,0
808,2
807,3
807,0
805,0
804,1
802,3
802,0
800,0
798,2
797,3
797,1
795,3
795,0
794,1
793,3
793,0
792,1
790,3
790,0
789,1
788,0
785,0
784,1
783,69
783,67
783,64
783,33
783,31
783,28
783,25
783,22
783,20
783,17
783,14
783,12
783,9
783,6
783,3
783,1
782,2
781,5
781,3
781,0
780,1
779,3
779,0
778,1
777,4
777,2
776,3
776,0
775,2
774,3
774,0
773,2
773,0
772,2
771,4
771,2
770,5
770,2
769,7
769,5
769,2
768,6
768,4
768,1
767,22
767,20
767,17
767,14
767,11
767,9
767,6
767,3
767,1
766,2
765,4
765,1
764,4
764,1
763,3
763,1
762,2
761,5
761,2
761,0
760,2
759,4
759,2
758,4
758,1
757,5
757,3
757,0
756,2
756,0
755,2
754,19
754,17
754,14
754,11
754,8
754,6
754,3
754,0
753,2
752,29
752,26
752,23
752,21
752,18
752,15
752,13
752,10
752,7
752,4
752,2
751,0
750,2
750,0
749,15
749,12
749,10
749,7
749,4
749,1
748,5
748,2
747,4
747,2
746,4
746,1
745,4
745,2
744,0
741,0
740,88
740,85
740,82
740,79
740,77
740,74
740,71
740,69
740,66
740,37
740,34
740,32
740,29
740,26
740,24
740,21
740,18
740,16
740,13
740,10
740,7
740,5
740,2
739,0
737,0
734,0
731,0
728,0
727,3
727,0
726,6
726,4
726,1
725,4
725,1
724,0
723,4
723,1
722,4
722,1
721,1
720,3
719,3
718,0
715,0
713,0
710,0
707,0
705,0
702,4
702,1
700,0
698,0
695,0
692,6
692,4
692,1
690,0
689,2
689,0
688,7
688,4
688,2
687,0
686,0
0,273
0,309
0,272
0,444
0,271
0,393
0,270
0,509
0,269
0,441
0,268
0,334
0,267
0,402
0,266
0,469
0,265
0,484
0,264
0,433
0,263
0,468
0,262
0,466
0,261
0,432
0,260
0,451
0,259
0,314
0,258
0,390
0,257
0,493
0,256
0,488
0,255
0,389
0,254
0,497
0,253
0,478
0,252
0,368
0,251
0,504
0,250
0,422
0,249
0,483
0,248
0,440
0,247
0,482
0,246
0,477
0,245
0,401
0,244
0,425
0,242
0,400
0,241
0,317
0,240
0,378
0,239
0,502
0,238
0,443
0,237
0,427
0,236
0,384
0,235
0,421
0,234
0,415
0,233
0,492
0,232
0,464
0,231
0,439
0,230
0,398
0,229
0,496
0,228
0,405
0,227
0,420
0,226
0,313
0,225
0,312
0,224
0,383
0,223
0,395
0,222
0,503
0,221
0,473
0,220
0,495
0,219
0,501
0,218
0,316
0,217
0,500
0,216
0,419
0,215
0,491
0,214
0,426
0,213
0,487
0,212
0,511
0,211
0,418
0,210
0,462
0,209
0,438
0,208
0,385
0,207
0,463
0,206
0,394
0,205
0,388
0,204
0,494
0,203
0,423
0,202
0,399
0,201
0,404
0,200
0,424
0,199
0,431
0,198
0,414
0,197
0,408
0,196
0,195
0,437
0,194
0,349
0,193
0,371
0,192
0,311
0,63
0,507
0,62
0,490
0,61
0,442
0,60
0,315
0,59
0,510
0,58
0,430
0,57
0,447
0,56
0,486
0,55
0,436
0,54
0,306
0,53
0,351
0,52
0,412
0,51
0,506
0,50
0,505
0,49
0,392
0,48
0,397
0,47
0,387
0,46
0,485
0,45
0,301
0,6
0,5
0,1
0,365
0,11
0,4
0,2
0,3
0,7
